0
0
0
2
4
5
6
7
13
14
15
17
18
28
36
38
48
57
73
113
6
9
9
10
12
19
26
28
36
37
38
42
52
69
73
80
93
93
122
183
11
19
27
30
34
40
40
41
46
58
61
67
79
81
90
97
101
125
165
203
29
36
36
41
52
57
61
61
75
80
81
104
107
112
116
120
120
142
197
208
45
49
51
54
59
65
90
94
96
100
106
123
124
131
138
142
152
158
213
238
70
73
77
85
87
109
114
114
118
120
128
129
143
145
149
161
161
193
223
246
74
85
95
118
121
132
137
143
147
147
148
152
166
169
175
182
183
196
246
257
89
97
105
121
135
146
146
152
155
156
170
193
195
205
211
215
233
242
264
275
107
108
126
132
140
150
156
164
170
171
198
217
223
251
253
254
254
255
283
283
110
115
135
146
159
167
170
179
185
193
204
219
237
252
255
271
275
291
293
323
124
142
154
172
184
187
189
190
204
205
231
236
264
265
275
282
287
315
325
348
132
148
170
179
192
193
193
194
207
234
242
252
281
283
286
297
319
357
361
361
142
167
177
180
195
196
197
215
236
251
281
289
292
301
301
315
332
364
371
386
146
177
185
186
199
208
212
219
269
286
293
301
306
310
331
348
353
372
383
395
188
192
197
205
211
222
237
241
273
291
305
315
316
317
345
352
381
385
395
404
208
213
219
232
244
256
261
290
294
299
311
337
345
355
368
380
387
395
409
410
214
235
236
246
253
267
293
301
305
309
333
360
371
377
378
394
411
423
424
424
237
243
270
274
291
314
315
318
338
344
366
373
380
381
397
401
424
428
437
440
244
282
290
316
316
320
341
342
343
370
374
387
389
393
404
430
433
439
463
470
267
298
327
331
332
345
351
362
382
387
396
407
414
418
437
442
445
455
464
484
317
317
346
369
371
376
378
396
398
402
408
426
433
436
463
463
464
466
489
519
345
347
372
381
385
399
401
410
419
421
424
448
454
462
464
478
484
489
518
529
355
382
385
390
402
426
434
436
446
455
455
467
471
482
483
490
500
507
534
541
391
396
411
419
435
438
439
445
462
467
475
478
492
495
503
505
514
538
539
542
403
408
428
447
448
458
460
467
471
476
493
509
513
520
528
537
539
542
544
547
406
412
454
460
468
474
480
483
489
495
498
528
546
557
560
569
584
584
604
619
410
459
475
480
490
502
502
503
524
530
534
562
575
588
591
601
605
610
618
633
437
475
477
497
502
511
517
527
539
548
564
585
588
591
601
613
619
624
628
666
438
480
506
516
518
539
544
564
569
572
573
587
615
618
625
636
637
657
662
691
469
489
528
541
545
550
561
566
577
578
600
602
619
621
639
642
657
662
665
705
498
530
556
561
564
575
578
591
607
607
615
627
632
640
652
657
670
675
708
714
507
552
566
587
590
593
600
606
622
622
625
639
641
644
654
665
680
696
723
732
511
571
595
600
601
616
627
633
634
640
640
647
653
655
669
687
696
715
727
772
530
572
610
617
620
627
628
643
657
665
676
677
685
694
701
703
722
734
746
772
540
577
614
627
628
642
648
652
679
679
683
690
701
709
721
732
735
755
759
783
578
594
628
640
645
663
668
688
692
704
714
718
723
724
743
751
751
767
782
783
602
640
648
664
665
695
699
699
709
730
733
743
749
749
773
779
787
789
801
815
618
694
696
697
707
710
719
733
735
737
742
749
750
764
787
789
791
799
830
840
665
704
709
709
718
723
725
743
748
750
758
765
775
778
794
802
815
821
867
872
715
720
724
729
733
736
736
755
758
767
778
788
793
801
809
823
830
852
877
921
726
728
742
755
757
766
769
780
800
805
817
823
824
850
851
860
866
879
890
923
732
767
770
774
776
804
806
810
820
824
827
838
839
852
853
879
880
899
904
940
742
773
778
791
811
812
813
819
829
845
847
861
866
875
885
890
907
908
927
943
755
783
786
819
820
829
835
845
845
859
862
865
871
875
908
928
931
932
936
954
756
785
812
820
821
840
851
865
865
873
873
882
886
888
914
937
941
943
951
961
807
823
837
850
880
883
887
889
890
892
892
893
910
922
939
953
954
966
970
984
823
840
852
900
900
902
906
912
917
925
925
944
952
956
958
962
964
968
975
986
823
880
914
916
918
920
927
932
936
943
954
957
962
965
967
967
971
986
987
990
832
915
920
929
946
958
961
964
970
976
985
985
986
988
988
990
993
994
996
997
895
926
957
964
974
982
985
988
989
994
994
994
996
996
997
998
998
999
999
