396
758
396
922
132
105
142
74
562
958
124
770
476
107
655
344
61
28
733
374
786
564
222
812
569
944
964
65
471
495
766
692
410
748
146
70
577
699
690
615
244
475
115
15
657
253
957
625
34
773
957
125
539
205
918
584
315
538
489
679
621
688
632
161
484
169
900
695
591
845
676
142
929
882
801
470
57
437
534
331
823
345
122
890
380
518
775
142
845
735
640
282
618
588
271
424
824
639
255
283
820
270
156
185
267
411
320
614
590
208
147
916
724
999
595
812
610
152
480
709
471
539
640
381
0
742
850
697
920
544
327
41
820
211
10
390
564
376
194
550
806
90
190
195
640
256
524
118
852
57
293
187
331
18
261
578
620
193
756
755
593
726
26
483
156
704
219
880
52
720
517
996
840
398
561
237
316
170
616
648
467
314
114
732
462
628
696
976
40
164
446
539
742
399
147
490
837
59
627
215
587
113
238
879
404
530
500
585
208
203
867
293
246
423
622
801
990
683
264
283
464
463
602
364
994
936
877
718
634
372
993
885
665
879
410
966
943
607
357
830
489
257
440
325
520
968
464
528
183
514
462
253
370
90
600
148
306
492
366
289
14
131
286
120
971
925
426
418
316
502
733
506
819
360
337
80
829
725
255
757
627
482
767
145
528
652
910
886
668
265
498
561
502
988
709
994
155
627
710
493
827
231
994
401
912
709
112
694
866
129
198
81
637
588
286
662
743
998
742
755
291
299
513
52
309
503
315
483
195
932
871
546
316
824
733
236
680
124
234
371
152
873
724
575
687
204
887
332
0
670
149
419
275
297
791
587
254
242
545
438
663
183
575
107
723
387
719
628
436
774
36
699
315
601
345
503
458
823
511
377
823
402
380
617
387
823
468
38
123
821
301
516
832
310
61
287
819
755
729
895
146
804
235
474
428
764
27
345
564
219
85
185
243
765
49
566
89
502
4
527
780
749
862
873
9
298
946
622
883
419
982
282
704
197
679
767
936
154
85
126
633
41
177
677
317
917
607
811
170
402
293
171
204
207
986
393
937
619
815
166
505
490
557
665
528
100
281
987
759
996
81
908
746
708
890
67
478
789
984
170
782
463
193
378
317
997
662
42
727
381
38
128
455
931
723
355
610
789
830
899
121
246
475
104
148
118
709
665
372
408
114
511
101
177
530
391
106
498
135
412
362
961
132
594
888
507
769
707
893
188
382
875
93
167
736
274
920
142
989
875
489
73
459
232
900
540
369
480
290
838
604
715
143
291
988
953
787
182
537
657
932
965
368
414
799
315
254
941
319
958
927
454
802
495
605
0
751
116
332
734
696
373
455
628
58
348
850
436
853
233
36
389
986
352
735
657
371
138
675
809
264
967
758
859
647
77
730
847
371
445
889
996
237
361
2
640
865
132
463
464
401
51
990
385
641
467
478
839
509
19
387
29
394
383
569
737
12
613
964
193
591
723
223
439
639
636
817
778
721
701
361
48
860
904
954
246
547
657
985
541
165
275
665
213
852
624
907
542
767
779
409
93
529
642
395
424
283
994
348
519
755
223
618
424
951
928
386
696
323
625
560
437
794
197
962
791
703
430
395
962
338
460
301
743
652
722
788
341
851
158
749
654
732
970
97
669
333
810
351
892
572
974
211
275
813
385
750
845
292
600
251
439
956
193
489
13
120
967
548
534
743
385
800
305
73
378
252
281
196
311
807
75
407
9
518
906
602
778
408
175
242
914
566
269
572
219
251
152
578
305
447
783
40
477
435
217
618
728
290
397
7
454
273
785
215
475
665
915
404
161
926
776
556
577
236
715
434
424
571
541
783
291
772
772
714
970
467
633
382
732
448
30
159
544
5
988
705
666
943
197
19
189
433
36
975
205
961
619
923
815
921
192
199
45
954
455
213
999
236
986
872
342
783
87
137
940
691
146
840
150
805
985
820
664
552
180
36
829
410
97
403
406
530
179
736
925
835
110
95
694
108
6
6
244
186
347
267
645
11
237
317
985
469
927
718
208
437
438
396
628
840
600
172
642
892
54
73
214
192
355
241
480
28
212
640
135
346
421
648
851
460
294
751
943
448
880
318
37
497
96
345
578
861
196
184
997
902
109
591
193
573
823
426
821
787
773
140
301
445
167
61
46
343
121
606
865
865
998
643
852
749
79
964
601
146
584
601
484
793
395
542
890
866
17
69
714
381
952
644
466
750
539
914
939
94
433
701
880
627
778
442
205
685
120
411
80
507
179
908
653
428
252
954
353
301
170
615
143
619